1.000000 -0.014743 -0.995038 -1.039384 -0.988149 -1.001507 -1.000426 -0.999622 -1.000159 -0.999950 -1.000011 -0.999999 -0.999999 -1.000001 -1.000000 -1.000001 -1.000001 -1.000001 -1.000001 -1.000001 -1.000001 -1.000001 -1.000001 -1.000001 -1.000001 -1.000001 -1.000001 -1.000001 -1.000001 -1.000001 -1.000001 -1.000001 -1.000001 -1.000001 -1.000001 -1.000001 -1.000001 -1.000000 -1.000000 -1.000000 -1.000000 -1.000000 -1.000000 -1.000000 -1.000000 -1.000000 -1.000000 -1.000000 -1.000000 -1.000000
1.000000 -0.014743 -0.995038 -1.039384 -0.988149 -1.001507 -1.000426 -0.999622 -1.000159 -0.999950 -1.000011 -0.999999 -0.999999 -1.000001 -1.000000 -1.000001 -1.000001 -1.000001 -1.000001 -1.000001 -1.000001 -1.000001 -1.000001 -1.000001 -1.000001 -1.000001 -1.000001 -1.000001 -1.000001 -1.000001 -1.000001 -1.000001 -1.000001 -1.000001 -1.000001 -1.000001 -1.000001 -1.000000 -1.000000 -1.000000 -1.000000 -1.000000 -1.000000 -1.000000 -1.000000 -1.000000 -1.000000 -1.000000 -1.000000 -1.000000
1.000000 -0.014743 -0.995038 -1.039384 -0.988149 -1.001507 -1.000426 -0.999622 -1.000159 -0.999950 -1.000011 -0.999999 -0.999999 -1.000001 -1.000000 -1.000001 -1.000001 -1.000001 -1.000001 -1.000001 -1.000001 -1.000001 -1.000001 -1.000001 -1.000001 -1.000001 -1.000001 -1.000001 -1.000001 -1.000001 -1.000001 -1.000001 -1.000001 -1.000001 -1.000001 -1.000001 -1.000001 -1.000000 -1.000000 -1.000000 -1.000000 -1.000000 -1.000000 -1.000000 -1.000000 -1.000000 -1.000000 -1.000000 -1.000000 -1.000000
1.000000 -0.014743 -0.995038 -1.039384 -0.988149 -1.001507 -1.000426 -0.999622 -1.000159 -0.999950 -1.000011 -0.999999 -0.999999 -1.000001 -1.000000 -1.000001 -1.000001 -1.000001 -1.000001 -1.000001 -1.000001 -1.000001 -1.000001 -1.000001 -1.000001 -1.000001 -1.000001 -1.000001 -1.000001 -1.000001 -1.000001 -1.000001 -1.000001 -1.000001 -1.000001 -1.000001 -1.000001 -1.000000 -1.000000 -1.000000 -1.000000 -1.000000 -1.000000 -1.000000 -1.000000 -1.000000 -1.000000 -1.000000 -1.000000 -1.000000
1.000000 -0.014743 -0.995038 -1.039384 -0.988149 -1.001507 -1.000426 -0.999622 -1.000159 -0.999950 -1.000011 -0.999999 -0.999999 -1.000001 -1.000000 -1.000001 -1.000001 -1.000001 -1.000001 -1.000001 -1.000001 -1.000001 -1.000001 -1.000001 -1.000001 -1.000001 -1.000001 -1.000001 -1.000001 -1.000001 -1.000001 -1.000001 -1.000001 -1.000001 -1.000001 -1.000001 -1.000001 -1.000000 -1.000000 -1.000000 -1.000000 -1.000000 -1.000000 -1.000000 -1.000000 -1.000000 -1.000000 -1.000000 -1.000000 -1.000000
1.000000 -0.014743 -0.995038 -1.039384 -0.988149 -1.001507 -1.000426 -0.999622 -1.000159 -0.999950 -1.000011 -0.999999 -0.999999 -1.000001 -1.000000 -1.000001 -1.000001 -1.000001 -1.000001 -1.000001 -1.000001 -1.000001 -1.000001 -1.000001 -1.000001 -1.000001 -1.000001 -1.000001 -1.000001 -1.000001 -1.000001 -1.000001 -1.000001 -1.000001 -1.000001 -1.000001 -1.000001 -1.000000 -1.000000 -1.000000 -1.000000 -1.000000 -1.000000 -1.000000 -1.000000 -1.000000 -1.000000 -1.000000 -1.000000 -1.000000
1.000000 -0.014743 -0.995038 -1.039384 -0.988149 -1.001507 -1.000426 -0.999622 -1.000159 -0.999950 -1.000011 -0.999999 -0.999999 -1.000001 -1.000000 -1.000001 -1.000001 -1.000001 -1.000001 -1.000001 -1.000001 -1.000001 -1.000001 -1.000001 -1.000001 -1.000001 -1.000001 -1.000001 -1.000001 -1.000001 -1.000001 -1.000001 -1.000001 -1.000001 -1.000001 -1.000001 -1.000001 -1.000000 -1.000000 -1.000000 -1.000000 -1.000000 -1.000000 -1.000000 -1.000000 -1.000000 -1.000000 -1.000000 -1.000000 -1.000000
1.000000 -0.014743 -0.995038 -1.039384 -0.988149 -1.001507 -1.000426 -0.999622 -1.000159 -0.999950 -1.000011 -0.999999 -0.999999 -1.000001 -1.000000 -1.000001 -1.000001 -1.000001 -1.000001 -1.000001 -1.000001 -1.000001 -1.000001 -1.000001 -1.000001 -1.000001 -1.000001 -1.000001 -1.000001 -1.000001 -1.000001 -1.000001 -1.000001 -1.000001 -1.000001 -1.000001 -1.000001 -1.000000 -1.000000 -1.000000 -1.000000 -1.000000 -1.000000 -1.000000 -1.000000 -1.000000 -1.000000 -1.000000 -1.000000 -1.000000
1.000000 -0.014743 -0.995038 -1.039384 -0.988149 -1.001507 -1.000426 -0.999622 -1.000159 -0.999950 -1.000011 -0.999999 -0.999999 -1.000001 -1.000000 -1.000001 -1.000001 -1.000001 -1.000001 -1.000001 -1.000001 -1.000001 -1.000001 -1.000001 -1.000001 -1.000001 -1.000001 -1.000001 -1.000001 -1.000001 -1.000001 -1.000001 -1.000001 -1.000001 -1.000001 -1.000001 -1.000001 -1.000000 -1.000000 -1.000000 -1.000000 -1.000000 -1.000000 -1.000000 -1.000000 -1.000000 -1.000000 -1.000000 -1.000000 -1.000000
1.000000 -0.014743 -0.995038 -1.039384 -0.988149 -1.001507 -1.000426 -0.999622 -1.000159 -0.999950 -1.000011 -0.999999 -0.999999 -1.000001 -1.000000 -1.000001 -1.000001 -1.000001 -1.000001 -1.000001 -1.000001 -1.000001 -1.000001 -1.000001 -1.000001 -1.000001 -1.000001 -1.000001 -1.000001 -1.000001 -1.000001 -1.000001 -1.000001 -1.000001 -1.000001 -1.000001 -1.000001 -1.000000 -1.000000 -1.000000 -1.000000 -1.000000 -1.000000 -1.000000 -1.000000 -1.000000 -1.000000 -1.000000 -1.000000 -1.000000
1.000000 -0.014743 -0.995038 -1.039384 -0.988149 -1.001507 -1.000426 -0.999622 -1.000159 -0.999950 -1.000011 -0.999999 -0.999999 -1.000001 -1.000000 -1.000001 -1.000001 -1.000001 -1.000001 -1.000001 -1.000001 -1.000001 -1.000001 -1.000001 -1.000001 -1.000001 -1.000001 -1.000001 -1.000001 -1.000001 -1.000001 -1.000001 -1.000001 -1.000001 -1.000001 -1.000001 -1.000001 -1.000000 -1.000000 -1.000000 -1.000000 -1.000000 -1.000000 -1.000000 -1.000000 -1.000000 -1.000000 -1.000000 -1.000000 -1.000000
1.000000 -0.014743 -0.995038 -1.039384 -0.988149 -1.001507 -1.000426 -0.999622 -1.000159 -0.999950 -1.000011 -0.999999 -0.999999 -1.000001 -1.000000 -1.000001 -1.000001 -1.000001 -1.000001 -1.000001 -1.000001 -1.000001 -1.000001 -1.000001 -1.000001 -1.000001 -1.000001 -1.000001 -1.000001 -1.000001 -1.000001 -1.000001 -1.000001 -1.000001 -1.000001 -1.000001 -1.000001 -1.000000 -1.000000 -1.000000 -1.000000 -1.000000 -1.000000 -1.000000 -1.000000 -1.000000 -1.000000 -1.000000 -1.000000 -1.000000
1.000000 -0.014743 -0.995038 -1.039384 -0.988149 -1.001507 -1.000426 -0.999622 -1.000159 -0.999950 -1.000011 -0.999999 -0.999999 -1.000001 -1.000000 -1.000001 -1.000001 -1.000001 -1.000001 -1.000001 -1.000001 -1.000001 -1.000001 -1.000001 -1.000001 -1.000001 -1.000001 -1.000001 -1.000001 -1.000001 -1.000001 -1.000001 -1.000001 -1.000001 -1.000001 -1.000001 -1.000001 -1.000000 -1.000000 -1.000000 -1.000000 -1.000000 -1.000000 -1.000000 -1.000000 -1.000000 -1.000000 -1.000000 -1.000000 -1.000000
1.000000 -0.014743 -0.995038 -1.039384 -0.988149 -1.001507 -1.000426 -0.999622 -1.000159 -0.999950 -1.000011 -0.999999 -0.999999 -1.000001 -1.000000 -1.000001 -1.000001 -1.000001 -1.000001 -1.000001 -1.000001 -1.000001 -1.000001 -1.000001 -1.000001 -1.000001 -1.000001 -1.000001 -1.000001 -1.000001 -1.000001 -1.000001 -1.000001 -1.000001 -1.000001 -1.000001 -1.000001 -1.000000 -1.000000 -1.000000 -1.000000 -1.000000 -1.000000 -1.000000 -1.000000 -1.000000 -1.000000 -1.000000 -1.000000 -1.000000
1.000000 -0.014743 -0.995038 -1.039384 -0.988149 -1.001507 -1.000426 -0.999622 -1.000159 -0.999950 -1.000011 -0.999999 -0.999999 -1.000001 -1.000000 -1.000001 -1.000001 -1.000001 -1.000001 -1.000001 -1.000001 -1.000001 -1.000001 -1.000001 -1.000001 -1.000001 -1.000001 -1.000001 -1.000001 -1.000001 -1.000001 -1.000001 -1.000001 -1.000001 -1.000001 -1.000001 -1.000001 -1.000000 -1.000000 -1.000000 -1.000000 -1.000000 -1.000000 -1.000000 -1.000000 -1.000000 -1.000000 -1.000000 -1.000000 -1.000000
1.000000 -0.014743 -0.995038 -1.039384 -0.988149 -1.001507 -1.000426 -0.999622 -1.000159 -0.999950 -1.000011 -0.999999 -0.999999 -1.000001 -1.000000 -1.000001 -1.000001 -1.000001 -1.000001 -1.000001 -1.000001 -1.000001 -1.000001 -1.000001 -1.000001 -1.000001 -1.000001 -1.000001 -1.000001 -1.000001 -1.000001 -1.000001 -1.000001 -1.000001 -1.000001 -1.000001 -1.000001 -1.000000 -1.000000 -1.000000 -1.000000 -1.000000 -1.000000 -1.000000 -1.000000 -1.000000 -1.000000 -1.000000 -1.000000 -1.000000
1.000000 -0.014743 -0.995038 -1.039384 -0.988149 -1.001507 -1.000426 -0.999622 -1.000159 -0.999950 -1.000011 -0.999999 -0.999999 -1.000001 -1.000000 -1.000001 -1.000001 -1.000001 -1.000001 -1.000001 -1.000001 -1.000001 -1.000001 -1.000001 -1.000001 -1.000001 -1.000001 -1.000001 -1.000001 -1.000001 -1.000001 -1.000001 -1.000001 -1.000001 -1.000001 -1.000001 -1.000001 -1.000000 -1.000000 -1.000000 -1.000000 -1.000000 -1.000000 -1.000000 -1.000000 -1.000000 -1.000000 -1.000000 -1.000000 -1.000000
1.000000 -0.014743 -0.995038 -1.039384 -0.988149 -1.001507 -1.000426 -0.999622 -1.000159 -0.999950 -1.000011 -0.999999 -0.999999 -1.000001 -1.000000 -1.000001 -1.000001 -1.000001 -1.000001 -1.000001 -1.000001 -1.000001 -1.000001 -1.000001 -1.000001 -1.000001 -1.000001 -1.000001 -1.000001 -1.000001 -1.000001 -1.000001 -1.000001 -1.000001 -1.000001 -1.000001 -1.000001 -1.000000 -1.000000 -1.000000 -1.000000 -1.000000 -1.000000 -1.000000 -1.000000 -1.000000 -1.000000 -1.000000 -1.000000 -1.000000
1.000000 -0.014743 -0.995038 -1.039384 -0.988149 -1.001507 -1.000426 -0.999622 -1.000159 -0.999950 -1.000011 -0.999999 -0.999999 -1.000001 -1.000000 -1.000001 -1.000001 -1.000001 -1.000001 -1.000001 -1.000001 -1.000001 -1.000001 -1.000001 -1.000001 -1.000001 -1.000001 -1.000001 -1.000001 -1.000001 -1.000001 -1.000001 -1.000001 -1.000001 -1.000001 -1.000001 -1.000001 -1.000000 -1.000000 -1.000000 -1.000000 -1.000000 -1.000000 -1.000000 -1.000000 -1.000000 -1.000000 -1.000000 -1.000000 -1.000000
1.000000 -0.014743 -0.995038 -1.039384 -0.988149 -1.001507 -1.000426 -0.999622 -1.000159 -0.999950 -1.000011 -0.999999 -0.999999 -1.000001 -1.000000 -1.000001 -1.000001 -1.000001 -1.000001 -1.000001 -1.000001 -1.000001 -1.000001 -1.000001 -1.000001 -1.000001 -1.000001 -1.000001 -1.000001 -1.000001 -1.000001 -1.000001 -1.000001 -1.000001 -1.000001 -1.000001 -1.000001 -1.000000 -1.000000 -1.000000 -1.000000 -1.000000 -1.000000 -1.000000 -1.000000 -1.000000 -1.000000 -1.000000 -1.000000 -1.000000
1.000000 -0.014743 -0.995038 -1.039384 -0.988149 -1.001507 -1.000426 -0.999622 -1.000159 -0.999950 -1.000011 -0.999999 -0.999999 -1.000001 -1.000000 -1.000001 -1.000001 -1.000001 -1.000001 -1.000001 -1.000001 -1.000001 -1.000001 -1.000001 -1.000001 -1.000001 -1.000001 -1.000001 -1.000001 -1.000001 -1.000001 -1.000001 -1.000001 -1.000001 -1.000001 -1.000001 -1.000001 -1.000000 -1.000000 -1.000000 -1.000000 -1.000000 -1.000000 -1.000000 -1.000000 -1.000000 -1.000000 -1.000000 -1.000000 -1.000000
1.000000 -0.014743 -0.995038 -1.039384 -0.988149 -1.001507 -1.000426 -0.999622 -1.000159 -0.999950 -1.000011 -0.999999 -0.999999 -1.000001 -1.000000 -1.000001 -1.000001 -1.000001 -1.000001 -1.000001 -1.000001 -1.000001 -1.000001 -1.000001 -1.000001 -1.000001 -1.000001 -1.000001 -1.000001 -1.000001 -1.000001 -1.000001 -1.000001 -1.000001 -1.000001 -1.000001 -1.000001 -1.000000 -1.000000 -1.000000 -1.000000 -1.000000 -1.000000 -1.000000 -1.000000 -1.000000 -1.000000 -1.000000 -1.000000 -1.000000
1.000000 -0.014743 -0.995038 -1.039384 -0.988149 -1.001507 -1.000426 -0.999622 -1.000159 -0.999950 -1.000011 -0.999999 -0.999999 -1.000001 -1.000000 -1.000001 -1.000001 -1.000001 -1.000001 -1.000001 -1.000001 -1.000001 -1.000001 -1.000001 -1.000001 -1.000001 -1.000001 -1.000001 -1.000001 -1.000001 -1.000001 -1.000001 -1.000001 -1.000001 -1.000001 -1.000001 -1.000001 -1.000000 -1.000000 -1.000000 -1.000000 -1.000000 -1.000000 -1.000000 -1.000000 -1.000000 -1.000000 -1.000000 -1.000000 -1.000000
1.000000 -0.014743 -0.995038 -1.039384 -0.988149 -1.001507 -1.000426 -0.999622 -1.000159 -0.999950 -1.000011 -0.999999 -0.999999 -1.000001 -1.000000 -1.000001 -1.000001 -1.000001 -1.000001 -1.000001 -1.000001 -1.000001 -1.000001 -1.000001 -1.000001 -1.000001 -1.000001 -1.000001 -1.000001 -1.000001 -1.000001 -1.000001 -1.000001 -1.000001 -1.000001 -1.000001 -1.000001 -1.000000 -1.000000 -1.000000 -1.000000 -1.000000 -1.000000 -1.000000 -1.000000 -1.000000 -1.000000 -1.000000 -1.000000 -1.000000
1.000000 -0.014743 -0.995038 -1.039384 -0.988149 -1.001507 -1.000426 -0.999622 -1.000159 -0.999950 -1.000011 -0.999999 -0.999999 -1.000001 -1.000000 -1.000001 -1.000001 -1.000001 -1.000001 -1.000001 -1.000001 -1.000001 -1.000001 -1.000001 -1.000001 -1.000001 -1.000001 -1.000001 -1.000001 -1.000001 -1.000001 -1.000001 -1.000001 -1.000001 -1.000001 -1.000001 -1.000001 -1.000000 -1.000000 -1.000000 -1.000000 -1.000000 -1.000000 -1.000000 -1.000000 -1.000000 -1.000000 -1.000000 -1.000000 -1.000000
1.000000 -0.014743 -0.995038 -1.039384 -0.988149 -1.001507 -1.000426 -0.999622 -1.000159 -0.999950 -1.000011 -0.999999 -0.999999 -1.000001 -1.000000 -1.000001 -1.000001 -1.000001 -1.000001 -1.000001 -1.000001 -1.000001 -1.000001 -1.000001 -1.000001 -1.000001 -1.000001 -1.000001 -1.000001 -1.000001 -1.000001 -1.000001 -1.000001 -1.000001 -1.000001 -1.000001 -1.000001 -1.000000 -1.000000 -1.000000 -1.000000 -1.000000 -1.000000 -1.000000 -1.000000 -1.000000 -1.000000 -1.000000 -1.000000 -1.000000
1.000000 -0.014743 -0.995038 -1.039384 -0.988149 -1.001507 -1.000426 -0.999622 -1.000159 -0.999950 -1.000011 -0.999999 -0.999999 -1.000001 -1.000000 -1.000001 -1.000001 -1.000001 -1.000001 -1.000001 -1.000001 -1.000001 -1.000001 -1.000001 -1.000001 -1.000001 -1.000001 -1.000001 -1.000001 -1.000001 -1.000001 -1.000001 -1.000001 -1.000001 -1.000001 -1.000001 -1.000001 -1.000000 -1.000000 -1.000000 -1.000000 -1.000000 -1.000000 -1.000000 -1.000000 -1.000000 -1.000000 -1.000000 -1.000000 -1.000000
1.000000 -0.014743 -0.995038 -1.039384 -0.988149 -1.001507 -1.000426 -0.999622 -1.000159 -0.999950 -1.000011 -0.999999 -0.999999 -1.000001 -1.000000 -1.000001 -1.000001 -1.000001 -1.000001 -1.000001 -1.000001 -1.000001 -1.000001 -1.000001 -1.000001 -1.000001 -1.000001 -1.000001 -1.000001 -1.000001 -1.000001 -1.000001 -1.000001 -1.000001 -1.000001 -1.000001 -1.000001 -1.000000 -1.000000 -1.000000 -1.000000 -1.000000 -1.000000 -1.000000 -1.000000 -1.000000 -1.000000 -1.000000 -1.000000 -1.000000
1.000000 -0.014743 -0.995038 -1.039384 -0.988149 -1.001507 -1.000426 -0.999622 -1.000159 -0.999950 -1.000011 -0.999999 -0.999999 -1.000001 -1.000000 -1.000001 -1.000001 -1.000001 -1.000001 -1.000001 -1.000001 -1.000001 -1.000001 -1.000001 -1.000001 -1.000001 -1.000001 -1.000001 -1.000001 -1.000001 -1.000001 -1.000001 -1.000001 -1.000001 -1.000001 -1.000001 -1.000001 -1.000000 -1.000000 -1.000000 -1.000000 -1.000000 -1.000000 -1.000000 -1.000000 -1.000000 -1.000000 -1.000000 -1.000000 -1.000000
1.000000 -0.014743 -0.995038 -1.039384 -0.988149 -1.001507 -1.000426 -0.999622 -1.000159 -0.999950 -1.000011 -0.999999 -0.999999 -1.000001 -1.000000 -1.000001 -1.000001 -1.000001 -1.000001 -1.000001 -1.000001 -1.000001 -1.000001 -1.000001 -1.000001 -1.000001 -1.000001 -1.000001 -1.000001 -1.000001 -1.000001 -1.000001 -1.000001 -1.000001 -1.000001 -1.000001 -1.000001 -1.000000 -1.000000 -1.000000 -1.000000 -1.000000 -1.000000 -1.000000 -1.000000 -1.000000 -1.000000 -1.000000 -1.000000 -1.000000
1.000000 -0.014743 -0.995038 -1.039384 -0.988149 -1.001507 -1.000426 -0.999622 -1.000159 -0.999950 -1.000011 -0.999999 -0.999999 -1.000001 -1.000000 -1.000001 -1.000001 -1.000001 -1.000001 -1.000001 -1.000001 -1.000001 -1.000001 -1.000001 -1.000001 -1.000001 -1.000001 -1.000001 -1.000001 -1.000001 -1.000001 -1.000001 -1.000001 -1.000001 -1.000001 -1.000001 -1.000001 -1.000000 -1.000000 -1.000000 -1.000000 -1.000000 -1.000000 -1.000000 -1.000000 -1.000000 -1.000000 -1.000000 -1.000000 -1.000000
1.000000 -0.014743 -0.995038 -1.039384 -0.988149 -1.001507 -1.000426 -0.999622 -1.000159 -0.999950 -1.000011 -0.999999 -0.999999 -1.000001 -1.000000 -1.000001 -1.000001 -1.000001 -1.000001 -1.000001 -1.000001 -1.000001 -1.000001 -1.000001 -1.000001 -1.000001 -1.000001 -1.000001 -1.000001 -1.000001 -1.000001 -1.000001 -1.000001 -1.000001 -1.000001 -1.000001 -1.000001 -1.000000 -1.000000 -1.000000 -1.000000 -1.000000 -1.000000 -1.000000 -1.000000 -1.000000 -1.000000 -1.000000 -1.000000 -1.000000
1.000000 -0.014743 -0.995038 -1.039384 -0.988149 -1.001507 -1.000426 -0.999622 -1.000159 -0.999950 -1.000011 -0.999999 -0.999999 -1.000001 -1.000000 -1.000001 -1.000001 -1.000001 -1.000001 -1.000001 -1.000001 -1.000001 -1.000001 -1.000001 -1.000001 -1.000001 -1.000001 -1.000001 -1.000001 -1.000001 -1.000001 -1.000001 -1.000001 -1.000001 -1.000001 -1.000001 -1.000001 -1.000000 -1.000000 -1.000000 -1.000000 -1.000000 -1.000000 -1.000000 -1.000000 -1.000000 -1.000000 -1.000000 -1.000000 -1.000000
1.000000 -0.014743 -0.995038 -1.039384 -0.988149 -1.001507 -1.000426 -0.999622 -1.000159 -0.999950 -1.000011 -0.999999 -0.999999 -1.000001 -1.000000 -1.000001 -1.000001 -1.000001 -1.000001 -1.000001 -1.000001 -1.000001 -1.000001 -1.000001 -1.000001 -1.000001 -1.000001 -1.000001 -1.000001 -1.000001 -1.000001 -1.000001 -1.000001 -1.000001 -1.000001 -1.000001 -1.000001 -1.000000 -1.000000 -1.000000 -1.000000 -1.000000 -1.000000 -1.000000 -1.000000 -1.000000 -1.000000 -1.000000 -1.000000 -1.000000
1.000000 -0.014743 -0.995038 -1.039384 -0.988149 -1.001507 -1.000426 -0.999622 -1.000159 -0.999950 -1.000011 -0.999999 -0.999999 -1.000001 -1.000000 -1.000001 -1.000001 -1.000001 -1.000001 -1.000001 -1.000001 -1.000001 -1.000001 -1.000001 -1.000001 -1.000001 -1.000001 -1.000001 -1.000001 -1.000001 -1.000001 -1.000001 -1.000001 -1.000001 -1.000001 -1.000001 -1.000001 -1.000000 -1.000000 -1.000000 -1.000000 -1.000000 -1.000000 -1.000000 -1.000000 -1.000000 -1.000000 -1.000000 -1.000000 -1.000000
1.000000 -0.014743 -0.995038 -1.039384 -0.988149 -1.001507 -1.000426 -0.999622 -1.000159 -0.999950 -1.000011 -0.999999 -0.999999 -1.000001 -1.000000 -1.000001 -1.000001 -1.000001 -1.000001 -1.000001 -1.000001 -1.000001 -1.000001 -1.000001 -1.000001 -1.000001 -1.000001 -1.000001 -1.000001 -1.000001 -1.000001 -1.000001 -1.000001 -1.000001 -1.000001 -1.000001 -1.000001 -1.000000 -1.000000 -1.000000 -1.000000 -1.000000 -1.000000 -1.000000 -1.000000 -1.000000 -1.000000 -1.000000 -1.000000 -1.000000
1.000000 -0.014743 -0.995038 -1.039384 -0.988149 -1.001507 -1.000426 -0.999622 -1.000159 -0.999950 -1.000011 -0.999999 -0.999999 -1.000001 -1.000000 -1.000001 -1.000001 -1.000001 -1.000001 -1.000001 -1.000001 -1.000001 -1.000001 -1.000001 -1.000001 -1.000001 -1.000001 -1.000001 -1.000001 -1.000001 -1.000001 -1.000001 -1.000001 -1.000001 -1.000001 -1.000001 -1.000001 -1.000000 -1.000000 -1.000000 -1.000000 -1.000000 -1.000000 -1.000000 -1.000000 -1.000000 -1.000000 -1.000000 -1.000000 -1.000000
1.000000 -0.014743 -0.995038 -1.039384 -0.988149 -1.001507 -1.000426 -0.999622 -1.000159 -0.999950 -1.000011 -0.999999 -0.999999 -1.000001 -1.000000 -1.000001 -1.000001 -1.000001 -1.000001 -1.000001 -1.000001 -1.000001 -1.000001 -1.000001 -1.000001 -1.000001 -1.000001 -1.000001 -1.000001 -1.000001 -1.000001 -1.000001 -1.000001 -1.000001 -1.000001 -1.000001 -1.000001 -1.000000 -1.000000 -1.000000 -1.000000 -1.000000 -1.000000 -1.000000 -1.000000 -1.000000 -1.000000 -1.000000 -1.000000 -1.000000
1.000000 -0.014743 -0.995038 -1.039384 -0.988149 -1.001507 -1.000426 -0.999622 -1.000159 -0.999950 -1.000011 -0.999999 -0.999999 -1.000001 -1.000000 -1.000001 -1.000001 -1.000001 -1.000001 -1.000001 -1.000001 -1.000001 -1.000001 -1.000001 -1.000001 -1.000001 -1.000001 -1.000001 -1.000001 -1.000001 -1.000001 -1.000001 -1.000001 -1.000001 -1.000001 -1.000001 -1.000001 -1.000000 -1.000000 -1.000000 -1.000000 -1.000000 -1.000000 -1.000000 -1.000000 -1.000000 -1.000000 -1.000000 -1.000000 -1.000000
1.000000 -0.014743 -0.995038 -1.039384 -0.988149 -1.001507 -1.000426 -0.999622 -1.000159 -0.999950 -1.000011 -0.999999 -0.999999 -1.000001 -1.000000 -1.000001 -1.000001 -1.000001 -1.000001 -1.000001 -1.000001 -1.000001 -1.000001 -1.000001 -1.000001 -1.000001 -1.000001 -1.000001 -1.000001 -1.000001 -1.000001 -1.000001 -1.000001 -1.000001 -1.000001 -1.000001 -1.000001 -1.000000 -1.000000 -1.000000 -1.000000 -1.000000 -1.000000 -1.000000 -1.000000 -1.000000 -1.000000 -1.000000 -1.000000 -1.000000
1.000000 -0.014743 -0.995038 -1.039384 -0.988149 -1.001507 -1.000426 -0.999622 -1.000159 -0.999950 -1.000011 -0.999999 -0.999999 -1.000001 -1.000000 -1.000001 -1.000001 -1.000001 -1.000001 -1.000001 -1.000001 -1.000001 -1.000001 -1.000001 -1.000001 -1.000001 -1.000001 -1.000001 -1.000001 -1.000001 -1.000001 -1.000001 -1.000001 -1.000001 -1.000001 -1.000001 -1.000001 -1.000000 -1.000000 -1.000000 -1.000000 -1.000000 -1.000000 -1.000000 -1.000000 -1.000000 -1.000000 -1.000000 -1.000000 -1.000000
1.000000 -0.014743 -0.995038 -1.039384 -0.988149 -1.001507 -1.000426 -0.999622 -1.000159 -0.999950 -1.000011 -0.999999 -0.999999 -1.000001 -1.000000 -1.000001 -1.000001 -1.000001 -1.000001 -1.000001 -1.000001 -1.000001 -1.000001 -1.000001 -1.000001 -1.000001 -1.000001 -1.000001 -1.000001 -1.000001 -1.000001 -1.000001 -1.000001 -1.000001 -1.000001 -1.000001 -1.000001 -1.000000 -1.000000 -1.000000 -1.000000 -1.000000 -1.000000 -1.000000 -1.000000 -1.000000 -1.000000 -1.000000 -1.000000 -1.000000
1.000000 -0.014743 -0.995038 -1.039384 -0.988149 -1.001507 -1.000426 -0.999622 -1.000159 -0.999950 -1.000011 -0.999999 -0.999999 -1.000001 -1.000000 -1.000001 -1.000001 -1.000001 -1.000001 -1.000001 -1.000001 -1.000001 -1.000001 -1.000001 -1.000001 -1.000001 -1.000001 -1.000001 -1.000001 -1.000001 -1.000001 -1.000001 -1.000001 -1.000001 -1.000001 -1.000001 -1.000001 -1.000000 -1.000000 -1.000000 -1.000000 -1.000000 -1.000000 -1.000000 -1.000000 -1.000000 -1.000000 -1.000000 -1.000000 -1.000000
1.000000 -0.014743 -0.995038 -1.039384 -0.988149 -1.001507 -1.000426 -0.999622 -1.000159 -0.999950 -1.000011 -0.999999 -0.999999 -1.000001 -1.000000 -1.000001 -1.000001 -1.000001 -1.000001 -1.000001 -1.000001 -1.000001 -1.000001 -1.000001 -1.000001 -1.000001 -1.000001 -1.000001 -1.000001 -1.000001 -1.000001 -1.000001 -1.000001 -1.000001 -1.000001 -1.000001 -1.000001 -1.000000 -1.000000 -1.000000 -1.000000 -1.000000 -1.000000 -1.000000 -1.000000 -1.000000 -1.000000 -1.000000 -1.000000 -1.000000
1.000000 -0.014743 -0.995038 -1.039384 -0.988149 -1.001507 -1.000426 -0.999622 -1.000159 -0.999950 -1.000011 -0.999999 -0.999999 -1.000001 -1.000000 -1.000001 -1.000001 -1.000001 -1.000001 -1.000001 -1.000001 -1.000001 -1.000001 -1.000001 -1.000001 -1.000001 -1.000001 -1.000001 -1.000001 -1.000001 -1.000001 -1.000001 -1.000001 -1.000001 -1.000001 -1.000001 -1.000001 -1.000000 -1.000000 -1.000000 -1.000000 -1.000000 -1.000000 -1.000000 -1.000000 -1.000000 -1.000000 -1.000000 -1.000000 -1.000000
1.000000 -0.014743 -0.995038 -1.039384 -0.988149 -1.001507 -1.000426 -0.999622 -1.000159 -0.999950 -1.000011 -0.999999 -0.999999 -1.000001 -1.000000 -1.000001 -1.000001 -1.000001 -1.000001 -1.000001 -1.000001 -1.000001 -1.000001 -1.000001 -1.000001 -1.000001 -1.000001 -1.000001 -1.000001 -1.000001 -1.000001 -1.000001 -1.000001 -1.000001 -1.000001 -1.000001 -1.000001 -1.000000 -1.000000 -1.000000 -1.000000 -1.000000 -1.000000 -1.000000 -1.000000 -1.000000 -1.000000 -1.000000 -1.000000 -1.000000
1.000000 -0.014743 -0.995038 -1.039384 -0.988149 -1.001507 -1.000426 -0.999622 -1.000159 -0.999950 -1.000011 -0.999999 -0.999999 -1.000001 -1.000000 -1.000001 -1.000001 -1.000001 -1.000001 -1.000001 -1.000001 -1.000001 -1.000001 -1.000001 -1.000001 -1.000001 -1.000001 -1.000001 -1.000001 -1.000001 -1.000001 -1.000001 -1.000001 -1.000001 -1.000001 -1.000001 -1.000001 -1.000000 -1.000000 -1.000000 -1.000000 -1.000000 -1.000000 -1.000000 -1.000000 -1.000000 -1.000000 -1.000000 -1.000000 -1.000000
1.000000 -0.014743 -0.995038 -1.039384 -0.988149 -1.001507 -1.000426 -0.999622 -1.000159 -0.999950 -1.000011 -0.999999 -0.999999 -1.000001 -1.000000 -1.000001 -1.000001 -1.000001 -1.000001 -1.000001 -1.000001 -1.000001 -1.000001 -1.000001 -1.000001 -1.000001 -1.000001 -1.000001 -1.000001 -1.000001 -1.000001 -1.000001 -1.000001 -1.000001 -1.000001 -1.000001 -1.000001 -1.000000 -1.000000 -1.000000 -1.000000 -1.000000 -1.000000 -1.000000 -1.000000 -1.000000 -1.000000 -1.000000 -1.000000 -1.000000
1.000000 -0.014743 -0.995038 -1.039384 -0.988149 -1.001507 -1.000426 -0.999622 -1.000159 -0.999950 -1.000011 -0.999999 -0.999999 -1.000001 -1.000000 -1.000001 -1.000001 -1.000001 -1.000001 -1.000001 -1.000001 -1.000001 -1.000001 -1.000001 -1.000001 -1.000001 -1.000001 -1.000001 -1.000001 -1.000001 -1.000001 -1.000001 -1.000001 -1.000001 -1.000001 -1.000001 -1.000001 -1.000000 -1.000000 -1.000000 -1.000000 -1.000000 -1.000000 -1.000000 -1.000000 -1.000000 -1.000000 -1.000000 -1.000000 -1.000000
1.000000 -0.014743 -0.995038 -1.039384 -0.988149 -1.001507 -1.000426 -0.999622 -1.000159 -0.999950 -1.000011 -0.999999 -0.999999 -1.000001 -1.000000 -1.000001 -1.000001 -1.000001 -1.000001 -1.000001 -1.000001 -1.000001 -1.000001 -1.000001 -1.000001 -1.000001 -1.000001 -1.000001 -1.000001 -1.000001 -1.000001 -1.000001 -1.000001 -1.000001 -1.000001 -1.000001 -1.000001 -1.000000 -1.000000 -1.000000 -1.000000 -1.000000 -1.000000 -1.000000 -1.000000 -1.000000 -1.000000 -1.000000 -1.000000 -1.000000
